name: pupil
channels:
  - conda-forge
  - defaults
dependencies:
  - _libgcc_mutex=0.1=conda_forge
  - _openmp_mutex=4.5=0_gnu
  - alsa-lib=1.1.5=h516909a_1002
  - blas=1.1=openblas
  - bzip2=1.0.8=h516909a_2
  - ca-certificates=2019.11.28=hecc5488_0
  - cairo=1.14.6=4
  - certifi=2019.11.28=py36_0
  - cysignals=1.10.2=py36he8bbba0_1
  - cython=0.29.15=py36he1b5a44_0
  - ffmpeg=3.4.1=0
  - fontconfig=2.12.1=4
  - freeglut=3.0.0=hf484d3e_1005
  - freetype=2.7=1
  - gettext=0.19.8.1=hc5be6a0_1002
  - giflib=5.2.1=h516909a_1
  - glib=2.51.4=0
  - gmp=6.2.0=he1b5a44_1
  - harfbuzz=1.3.4=2
  - hdf5=1.8.18=3
  - icu=58.2=hf484d3e_1000
  - jack=0.125.0=hf484d3e_1001
  - jasper=1.900.1=h07fcdf6_1006
  - jpeg=9c=h14c3975_1001
  - libblas=3.8.0=11_openblas
  - libcblas=3.8.0=11_openblas
  - libdb=6.1.26=he1b5a44_2001
  - libffi=3.2.1=he1b5a44_1006
  - libgcc-ng=9.2.0=h24d8f2e_2
  - libgfortran=3.0.0=1
  - libgfortran-ng=7.3.0=hdf63c60_5
  - libglu=9.0.0=hf484d3e_1000
  - libgomp=9.2.0=h24d8f2e_2
  - libiconv=1.15=h516909a_1005
  - liblapack=3.8.0=11_openblas
  - libopenblas=0.3.6=h5a2b251_2
  - libpng=1.6.37=hed695b0_0
  - libsodium=1.0.17=h516909a_0
  - libstdcxx-ng=9.2.0=hdf63c60_2
  - libtiff=4.0.10=hc3755c2_1005
  - libwebp=0.5.2=7
  - libxcb=1.13=h14c3975_1002
  - libxml2=2.9.9=h13577e0_2
  - lz4-c=1.8.3=he1b5a44_1001
  - msgpack-python=0.5.6=py36h6bb024c_1003
  - ncurses=6.1=hf484d3e_1002
  - numexpr=2.6.9=py36h637b7d7_1000
  - numpy=1.13.3=py36_blas_openblas_200
  - openblas=0.2.19=2
  - opencv=3.2.0=np113py36_blas_openblas_203
  - openssl=1.1.1d=h516909a_0
  - packaging=20.1=py_0
  - pari=2.11.2=pl526h80ae19e_0
  - pari-galdata=0.0.20180411=0
  - pari-seadata-small=0.0.20090618=0
  - pcre=8.44=he1b5a44_0
  - perl=5.26.2=h516909a_1006
  - pip=20.0.2=py_2
  - pixman=0.34.0=h14c3975_1003
  - portaudio=19.6.0=hf484d3e_2
  - psutil=5.6.7=py36h516909a_0
  - pthread-stubs=0.4=h14c3975_1001
  - pyaudio=0.2.11=py36h14c3975_1000
  - pyopengl=3.1.5=py_0
  - pyparsing=2.4.6=py_0
  - python=3.6.7=h357f687_1006
  - pyzmq=18.1.1=py36h1768529_0
  - readline=8.0=hf8c457e_0
  - scipy=1.2.1=py36h09a28d5_1
  - setuptools=45.2.0=py36_0
  - six=1.14.0=py36_0
  - sqlite=3.30.1=hcee41ef_0
  - tk=8.6.10=hed695b0_0
  - wheel=0.34.2=py_1
  - x264=20131218=0
  - xorg-fixesproto=5.0=h14c3975_1002
  - xorg-inputproto=2.3.2=h14c3975_1002
  - xorg-kbproto=1.0.7=h14c3975_1002
  - xorg-libx11=1.6.9=h516909a_0
  - xorg-libxau=1.0.9=h14c3975_0
  - xorg-libxdmcp=1.1.3=h516909a_0
  - xorg-libxext=1.3.4=h516909a_0
  - xorg-libxfixes=5.0.3=h516909a_1004
  - xorg-libxi=1.7.10=h516909a_0
  - xorg-xextproto=7.3.0=h14c3975_1002
  - xorg-xproto=7.0.31=h14c3975_1007
  - xz=5.2.4=h14c3975_1001
  - zeromq=4.3.2=he1b5a44_2
  - zlib=1.2.11=h516909a_1006
  - zstd=1.4.4=h3b9ef0a_1
  - pip:
    - pyrealsense2==2.32.1.1299
    - git+https://github.com/pupil-labs/pupil-detectors
    - pupil-apriltags==1.0.1
    - git+https://github.com/zeromq/pyre
    - git+https://github.com/pupil-labs/PyAv
    - git+https://github.com/pupil-labs/pyuvc
    - git+https://github.com/pupil-labs/pyndsi
    - git+https://github.com/pupil-labs/pyglui
    - git+https://github.com/pupil-labs/nslr
    - git+https://github.com/pupil-labs/nslr-hmm
